	lower.beta	middle.beta	upper.beta	upper.delta	w1.alpha	Unknown	Formation
ashlock.1.34.3h	0.04518	0.92228	0.0021	0.00058	0.0256	0.00426	middle.beta
bullhead.55.2.3.1h	0.00598	0.30092	0.09528	0.58636	0.00228	0.00918	w1.alpha
nitro.75.28.unit.a.1h	0.00778	0.72056	0.09014	0.1167	0.00524	0.05958	upper.beta
thresher.55.1.12.a.8h	0.00388	0.20328	0.62224	0.16894	0.00134	0.00032	upper.beta
big.easy.54.2.6.1h	0.02162	0.01902	0.87924	0.07414	0.00172	0.00426	middle.beta
cheyenne.57.3.13.1h	0.1734	0.11442	0.49084	0.07732	0.02908	0.11494	middle.beta
haley.28.43.3h	0.00184	0.9795	0.00322	0.00904	0.00576	0.00064	middle.beta
mako.state.3.6.2h	0.00652	0.7669	0.01022	0.00102	0.00224	0.2131	middle.beta
robertson.state.2.5.1h	0.00504	0.34246	0.08598	0.00182	0.1928	0.3719	upper.beta
wheat.trust.1.52.1h	0.00272	0.02556	0.0003	0.0	0.9712	0.00022	middle.beta
big.bucks.29.10.2h	0.05588	0.53138	0.0028	0.00534	0.34824	0.05636	lower.beta
bonafide.29.34.2h	0.00466	0.25286	0.06876	0.00258	0.00068	0.67046	lower.beta
big.horn.state.56.2.9.3h	0.00114	0.41212	0.0139	0.38362	0.03672	0.1525	middle.beta
thresher.55.1.12.a.6h	0.00356	0.60198	0.00396	0.08476	0.27246	0.03328	middle.beta
wheat.trust.1.52.3h	0.01044	0.1111	0.0023	0.00068	0.8158	0.05968	middle.beta
ashlock.1.34.4h	0.00522	0.8655	0.05276	0.00528	0.01438	0.05686	middle.beta
sevengills.55.1.35.a.1h	0.01248	0.96564	0.01078	0.00568	0.00518	0.00024	middle.beta
wheat.trust.1.52.7h	0.0035	0.02368	0.00684	0.001	0.95882	0.00616	middle.beta
sevengills.55.1.47.1h	0.01042	0.1696	0.12588	0.58446	0.00962	0.10002	upper.delta
apc.fee.1.40.4h	0.01354	0.12448	0.00166	0.01704	0.80628	0.037	w1.alpha
wheat.trust.1.52.4h	0.0039	0.02524	0.0122	0.00012	0.9572	0.00134	w1.alpha
juniper.state.2.3.1h	0.013	0.00604	0.30596	0.0015	0.10578	0.56772	upper.beta
teton.56.2.26.unit.1h	0.17404	0.28766	0.20934	0.01288	0.29196	0.02412	middle.beta
wheat.trust.1.36.4h	0.20236	0.02308	0.00054	0.00028	0.66502	0.10872	w1.alpha
robertson.state.2.7.1h	0.00188	0.04248	0.00072	0.95318	0.0017	4e-05	lower.beta
cheyenne.57.3.13.3h	0.00646	0.3107	0.50764	0.1573	0.0053	0.0126	middle.beta
apc.fee.1.50.4h	0.00454	0.7362	0.009	0.0068	0.22718	0.01628	middle.beta
black.tip.state.43.4h	0.42428	0.39988	0.00234	0.00566	0.07504	0.0928	middle.beta
craven.3.8.1h	0.00666	0.96914	0.02312	0.00024	0.00048	0.00036	middle.beta
bullhead.55.1.34.b.1h	0.56826	0.0484	0.2901	0.08602	0.0041	0.00312	upper.beta
blacktip.1.44.2h	0.00112	0.0033	8e-05	2e-05	0.99532	0.00016	w1.alpha
crockett.1.35.2.2h	0.00934	0.1294	0.00516	0.00688	0.83284	0.01638	w1.alpha
blacktip.state.43.6h	0.58762	0.37106	0.006	0.0036	0.03078	0.00094	middle.beta
raymore.1.46.unit.2.1h	0.0007	0.01524	4e-05	2e-05	0.98382	0.00018	w1.alpha
mdj.c.27.1.1h	0.00344	0.00192	0.24536	0.4229	0.27958	0.0468	w1.alpha
blacktip.state.43.5h	0.35006	0.46304	0.0006	0.0057	0.15806	0.02254	middle.beta
pace.state.unit.1.3.1h	0.05472	0.75278	0.1905	0.00048	0.00112	0.0004	middle.beta
mesquite.2.2.1h	0.0034	0.79506	0.07966	0.00052	0.00236	0.119	middle.beta
harrison.29.20.2h	0.002	0.19768	0.05554	0.00534	0.00958	0.72986	middle.beta
sheridan.55.4.27.1h	0.0008	0.36148	0.61268	0.00558	0.00698	0.01248	lower.beta
black.tip.state.42.5h	0.00406	0.9631	0.00124	0.00078	0.02946	0.00136	middle.beta
sievers.state.unit.2.1.2h	0.70668	0.01506	0.19266	0.00046	0.05522	0.02992	middle.beta
ricochet.29.40.1h	0.00536	0.0727	0.0487	0.01638	0.00088	0.85598	upper.beta
wheat.trust.1.52.5h	0.00592	0.03244	0.0026	0.00082	0.95518	0.00304	middle.beta
haley.29.24.6h	0.12946	0.26094	0.46678	0.0988	0.00766	0.03636	w1.alpha
ashlock.1.34.2h	0.0082	0.91274	0.0315	0.00084	0.04608	0.00064	middle.beta
camp.29.31.unit.2h	0.00552	0.98354	0.00506	0.00164	0.00188	0.00236	middle.beta
galapagos.53.2.45.1h	0.0106	0.1609	0.0008	0.06126	0.69272	0.07372	w1.alpha
bullhead.55.1.22.1h	0.00236	0.87606	0.07106	0.02364	0.00204	0.02484	middle.beta
big.horn.state.56.2.9.2h	0.05582	0.80198	0.0024	0.002	0.1354	0.0024	upper.delta
big.horn.state.56.2.9.1h	0.006	0.0014	0.009	0.93038	0.00028	0.05294	middle.beta
harrison.29.30.2h	0.81694	0.00492	0.0239	0.00438	0.00128	0.14858	middle.beta
bagwell.c.27.1.unit.1h	0.00964	0.00266	0.00954	0.00204	0.93136	0.04476	w1.alpha
wheat.trust.1.52.6h	0.0096	0.00872	0.01592	0.0012	0.94394	0.02062	w1.alpha
east.vermejo.33.66.1h	0.01312	0.14774	0.00072	0.0027	0.3069	0.52882	w1.alpha
yokum.ul.unit.19.4.1h	0.04754	0.8972	0.01014	0.01184	0.00242	0.03086	middle.beta
nancy.couch.3.15.1h	0.18212	0.59622	0.00312	0.00066	0.00186	0.21602	upper.beta
elkhorn.54.1.44.1h	0.00796	0.0175	0.1148	0.00156	0.00026	0.85792	upper.beta
winghead.56.2.43.2h	0.00068	0.99586	0.0014	0.00014	6e-05	0.00186	middle.beta
cody.56.3.19.unit.b.1h	0.5373	0.04884	0.26256	0.00134	0.01102	0.13894	upper.beta
avalanche.29.40.unit.1h	0.01072	0.87386	0.00332	0.0384	0.00098	0.07272	upper.beta
hammerhead.54.1.28.1h	0.06592	0.16528	0.03538	0.6518	0.00858	0.07304	middle.beta
bitterroot.54.1.18.2h	0.13686	0.02938	0.0053	0.68134	0.01148	0.13564	w1.alpha
old.partner.54.1.30.1h	0.06834	0.15188	0.69798	0.00406	0.0229	0.05484	middle.beta
black.tip.state.43.2h	0.01918	0.8996	0.00262	0.00144	0.07176	0.0054	middle.beta
betts.54.4.24.1h	0.0015	0.5946	0.00606	0.01008	0.35204	0.03572	lower.beta
kaycee.state.57.3.45.1h	0.00052	0.97282	0.00178	0.00152	0.00066	0.0227	middle.beta
shock.n.awe.29.41.1h	0.16068	0.4862	0.26086	0.00244	0.01304	0.07678	middle.beta
pritchett.state.c.19.22.1h	0.00514	0.28306	0.0918	0.03372	0.00456	0.58172	middle.beta
state.56.2.12.1h	0.00546	0.02524	0.0604	0.00294	0.0028	0.90316	upper.beta
grey.bull.55.4.11.1h	0.01396	0.00158	0.01202	0.00084	0.00098	0.97062	lower.beta
crockett.1.35.2h	0.00328	0.06488	0.00656	0.00118	0.92244	0.00166	w1.alpha
wheat.trust.1.36.3h	0.00248	0.0013	0.0004	0.00138	0.99178	0.00266	w1.alpha
thresher.54.1.22.1h	0.00556	0.04498	0.05854	0.609	0.01452	0.2674	upper.delta
university.20.6.2h	0.0105	0.3725	0.10888	0.42984	0.01088	0.0674	middle.beta
apc.fee.1.50.3h	0.01446	0.74394	0.00654	0.00362	0.19844	0.033	middle.beta
black.tip.state.42.2h	0.00478	0.954	0.00138	0.00102	0.03704	0.00178	middle.beta
yokum.ul.unit.19.4.3h	0.0021	0.31028	0.62054	0.01854	0.00652	0.04202	lower.beta
wheat.trust.1.52.2h	0.01166	0.00136	0.00534	0.00038	0.00208	0.97918	w1.alpha
bond.unit.3.7.1h	0.01416	0.52608	0.3543	0.00046	0.00374	0.10126	middle.beta
thresher.55.1.12.a.5h	0.06216	0.19266	0.14332	0.14012	0.00198	0.45976	middle.beta
apc.fee.1.40.3h	0.00178	0.86994	0.00026	0.00102	0.10802	0.01898	w1.alpha
bullhead.state.55.1.45.unit.b.4h	0.011	0.022	0.94498	0.00348	0.0158	0.00274	middle.beta
raymore.1.46.unit.3.1h	0.00968	0.00104	2e-05	0.0	0.98774	0.00152	w1.alpha
sundance.state.56.3.13.1h	0.00552	0.54282	0.144	0.20528	0.05654	0.04584	middle.beta
wd.johnson.1.49.5h	0.00814	0.9055	0.02274	0.0009	0.00162	0.0611	middle.beta
bohlander.33.95.1h	0.05386	0.93574	0.00418	0.00066	0.00222	0.00334	middle.beta
banner.57.1.21.2h	0.00078	0.98504	0.00144	0.00042	0.00016	0.01216	middle.beta
harrison.29.28.1h	0.16694	0.15406	0.4605	0.00568	0.00264	0.21018	middle.beta
saratoga.54.4.1h	0.01782	0.56968	0.00098	0.03618	0.1871	0.18824	middle.beta
